csage.libs.pari.gen_py
pari
p0
(S'[y^14 - 5*y^7 + 6*y^6 + 2*y^5 + 4*y^4 + y^3 - 3*y^2 - 2*y + 1, [2, 6], 19020072571851397426747225, 1, [[1, 0.369787690920567, -2.70425442639952, 0.136742936356365, 0.0505658546849183, -3.60873757630186, 0.0186986306433609, -2.44595256172718, 0.00691452344898498, -0.301486039112597, 1.90704005556236, -1.04833971033210, 2.40945436503895, -1.82923683652386; 1, 0.685634266620140, -1.45850353269176, 0.470094347563738, 0.322312793234137, 0.331270977817413, 0.220988695611376, 2.61039244629930, 0.151517422246847, 4.93449915951377, -0.685888973826783, 6.98144453715895, -0.0117654508608057, 4.70646589391593; 1, -0.641387543315202 + 0.322725779379795*I, 1.24413255492082 + 0.626007867822401*I, 0.307226052043614 - 0.413984589601782*I, -0.0634474634322226 + 0.364674325986592*I, -1.40011251855908 - 2.18368140381124*I, -0.0769953933734500 - 0.254373702140503*I, 1.53090378892650 + 5.15094411250023*I, 0.131476837479402 + 0.138303725564789*I, 1.47586426252180 - 5.80914153969755*I, 3.51528329006211 + 2.76341394970823*I, -4.52412548943336 + 5.56672909652245*I, -5.39061638905933 - 1.26395461266266*I, 4.39343119896747 + 1.08952292986774*I; 1, 1.15205287976871 + 0.377109909225656*I, -0.784009327496890 + 0.256635516925037*I, 1.18501395414719 + 0.868901113825467*I, 1.03752751828058 + 1.44790053509645*I, 1.23520049044215 + 0.145773761147393*I, 0.649268925916424 + 2.05931988931443*I, 1.55462826743629 - 0.605117605999249*I, -0.0285978006796012 + 2.61729115456505*I, 0.612357229899064 - 1.27579995444821*I, -2.03916242628216 + 3.11533505356914*I, 0.185639273576750 - 0.665600473945627*I, -3.74003733727658 + 2.56340684551206*I, -1.85362170206484 + 0.449685826627499*I; 1, -1.24943702631360 + 0.556507313135256*I, 0.667864827619312 + 0.297471303417798*I, 1.25139249315035 - 1.39064168489097*I, -0.789633847800377 + 2.43392828547864*I, -0.0254190792332024 - 0.694812544975438*I, -0.367901123843349 - 3.48047713026903*I, 0.167843967199334 + 0.868943548766577*I, 2.39658026234699 + 4.14389732986633*I, -0.496057060558554 - 0.232924355543864*I, -3.60720137840845 - 2.85154046627211*I, 2.76284027106185 - 1.64402427308863*I, 4.42600925911521 + 1.25791499013825*I, -4.50606165179935 + 0.211573343306419*I; 1, -0.104217330337140 + 0.957193862967838*I, 0.112414440325435 + 1.03248098987357*I, -0.905358839360691 - 0.199512378027204*I, 0.285326105069061 - 0.845811277412529*I, 1.94096554773119 - 1.26461253512015*I, 0.779869439022468 + 0.361260590017602*I, -2.57726094586315 - 1.62971777442136*I, -0.427072330643433 + 0.708836626700823*I, -3.44631126220393 + 3.07630828929385*I, -1.46253683817009 + 1.81442945017851*I, 2.76250347039073 + 2.05572314780824*I, -2.69675349003060 - 2.62150726911705*I, 3.14584661091251 - 7.19211456393052*I; 1, 0.711353965967601 + 1.13588512452617*I, -0.396019602671539 + 0.632361380151289*I, -0.784210551221996 + 1.61603277643059*I, -2.39347887725963 + 0.258798225017998*I, 1.63906899207826 - 0.131506375126610*I, -1.99657574585004 - 2.53461990879488*I, 0.322894508713596 - 1.58941803744488*I, 1.45876497556284 - 4.07089261404248*I, -2.12026341815714 - 1.33448172186598*I, 4.62667601986576 - 0.474988414827827*I, -3.17910509703303 + 1.29243943202876*I, 3.22675621337544 + 4.28512619413974*I, 0.0745838664502462 + 3.22429497886955*I; 1, -0.396075924540721 + 1.23059249498740*I, 0.236996086848498 + 0.736337625558352*I, -1.35748175071852 - 0.974816120370011*I, 1.73726724118306 - 1.28440565838381*I, 1.24902986678291 - 1.08535589727164*I, 0.892490235000578 + 2.64659018741704*I, -1.58122952869862 - 0.313464314153787*I, -3.61036791691411 + 0.0500411296796471*I, -1.34209631170182 + 1.58762688415908*I, 1.35636579206503 - 2.64101822657072*I, 0.525695158023633 - 1.59343396284944*I, 1.47579728678680 + 1.97883967443241*I, -2.19279285116208 - 2.33341602029726*I], [1, 0.369787690920567, -2.70425442639952, 0.136742936356365, 0.0505658546849183, -3.60873757630186, 0.0186986306433609, -2.44595256172718, 0.00691452344898498, -0.301486039112597, 1.90704005556236, -1.04833971033210, 2.40945436503895, -1.82923683652386; 1, 0.685634266620140, -1.45850353269176, 0.470094347563738, 0.322312793234137, 0.331270977817413, 0.220988695611376, 2.61039244629930, 0.151517422246847, 4.93449915951377, -0.685888973826783, 6.98144453715895, -0.0117654508608057, 4.70646589391593; 1, -0.318661763935407, 1.87014042274322, -0.106758537558167, 0.301226862554369, -3.58379392237032, -0.331369095513953, 6.68184790142673, 0.269780563044192, -4.33327727717575, 6.27869723977035, 1.04260360708909, -6.65457100172199, 5.48295412883521; 1, -0.964113322694998, 0.618124687098420, 0.721210641645396, -0.428121789418815, 0.783568885252159, 0.177378308767053, -3.62004032357373, -0.00682688808538713, 7.28500580221934, 0.751869340353879, -10.0908545859558, -4.12666177639667, 3.30390826909972; 1, 1.52916278899436, -0.527373810571853, 2.05391506797266, 2.48542805337703, 1.38097425158954, 2.70858881523085, 0.949510661437038, 2.58869335388545, -0.663442724549151, 1.07617262728698, -0.479961200368877, -1.17663049176452, -1.40393587543734; 1, 0.774942970543052, -1.04064484442193, 0.316112840321724, -0.410373016815869, 1.08942672929475, -1.41005096339801, 2.15974587343554, -2.64588895524465, 1.88815718434728, -5.15449747985130, 0.851239747522376, -6.30344418278864, -2.30330752869234; 1, -0.692929713178345, 0.965336131037110, -0.139249191740620, 1.64429443767826, -0.720231624208640, -3.84837825411238, 1.03678751596591, 6.54047759221332, -0.728981416102418, -6.45874184468056, 1.11881599797322, 5.68392424925346, -4.29448830849293; 1, -1.80594433944886, 0.370393524201514, 2.64203417804132, -3.22356213327902, 0.669393465742235, 3.11257600642568, -0.701099581567243, -1.74731706751934, -0.263132705014690, -0.755660912136338, 4.40686454415048, 3.16809426897696, -4.71763499510577; 1, 0.852976532630698, 1.14489543019901, -1.10487121738790, -0.560485172343467, 0.676353012611043, 1.14113002904007, -4.20697872028451, 0.281764296057390, -0.370002972910081, 0.351892612008420, 4.81822661819897, -5.31826075914766, -4.04626795301801; 1, -1.06141119330498, -0.920066549548135, -0.705846461333487, 1.13113738248159, 3.20557808285134, 0.418608849004867, -0.947543171441797, -1.13590895734426, -6.52261955149778, -3.27696628834860, 0.706780322582490, -0.0752462209135513, 10.3379611748430; 1, 1.84723909049377, 0.236341777479750, 0.831822225208589, -2.13468065224163, 1.50756261695165, -4.53119565464492, -1.26652352873129, -2.61212763847964, -3.45474514002312, 4.15168760503794, -1.88666566500427, 7.51188240751518, 3.29887884531980; 1, -0.424531158558568, -1.02838098282283, -2.40024332765258, -2.65227710227763, 1.77057536720487, 0.538044162944844, 1.91231254615848, 5.52965758960532, -0.785781696291157, 5.10166443469359, -4.47154452906178, -1.05836998076430, -3.14971111241931; 1, 0.834516570446676, 0.973333712406850, -2.33229787108853, 0.452861582799248, 0.163673969511272, 3.53908042241761, -1.89469384285240, -3.56032678723447, 0.245530572457255, -1.28465243450569, -1.06773880482581, 3.45463696121921, -4.52620887145934; 1, -1.62666841952812, -0.499341538709854, -0.382665630348509, 3.02167289956687, 2.33438576405455, -1.75409995241646, -1.26776521454483, -3.66040904659376, -2.92972319586090, 3.99738401863576, 2.11912912087308, -0.503042387645615, 0.140623169135182], [1, 0, -3, 0, 0, -4, 0, -2, 0, 0, 2, -1, 2, -2; 1, 1, -1, 0, 0, 0, 0, 3, 0, 5, -1, 7, 0, 5; 1, 0, 2, 0, 0, -4, 0, 7, 0, -4, 6, 1, -7, 5; 1, -1, 1, 1, 0, 1, 0, -4, 0, 7, 1, -10, -4, 3; 1, 2, -1, 2, 2, 1, 3, 1, 3, -1, 1, 0, -1, -1; 1, 1, -1, 0, 0, 1, -1, 2, -3, 2, -5, 1, -6, -2; 1, -1, 1, 0, 2, -1, -4, 1, 7, -1, -6, 1, 6, -4; 1, -2, 0, 3, -3, 1, 3, -1, -2, 0, -1, 4, 3, -5; 1, 1, 1, -1, -1, 1, 1, -4, 0, 0, 0, 5, -5, -4; 1, -1, -1, -1, 1, 3, 0, -1, -1, -7, -3, 1, 0, 10; 1, 2, 0, 1, -2, 2, -5, -1, -3, -3, 4, -2, 8, 3; 1, 0, -1, -2, -3, 2, 1, 2, 6, -1, 5, -4, -1, -3; 1, 1, 1, -2, 0, 0, 4, -2, -4, 0, -1, -1, 3, -5; 1, -2, 0, 0, 3, 2, -2, -1, -4, -3, 4, 2, -1, 0], [14, 0, -2, 0, 0, 6, 0, -1, 0, -6, 6, 3, -3, 1; 0, 0, -14, 0, 0, 12, 0, 8, 0, 1, 9, -6, -20, 16; -2, -14, 10, 0, 0, 11, 0, 2, 0, -3, -3, -21, -14, 18; 0, 0, 0, 0, 0, -14, 0, 26, 35, 22, -34, 1, -18, -28; 0, 0, 0, 0, 0, 0, 35, -14, -48, 26, -18, 22, -40, -25; 6, 12, 11, -14, 0, 20, 0, 15, 0, -38, -3, 45, -5, -19; 0, 0, 0, 0, 35, 0, -48, 0, -18, -14, -40, 26, -11, 36; -1, 8, 2, 26, -14, 15, 0, -25, 0, 106, -14, -55, -1, -12; 0, 0, 0, 35, -48, 0, -18, 0, -40, 0, -11, 21, 36, 26; -6, 1, -3, 22, 26, -38, -14, 106, 0, -32, 29, 70, -11, 97; 6, 9, -3, -34, -18, -3, -40, -14, -11, 29, 42, -146, 14, 59; 3, -6, -21, 1, 22, 45, 26, -55, 21, 70, -146, 57, 63, -13; -3, -20, -14, -18, -40, -5, -11, -1, 36, -11, 14, 63, 93, -157; 1, 16, 18, -28, -25, -19, 36, -12, 26, 97, 59, -13, -157, 3], [3804014514370279485349445, 26654527187689534584525, 1763641843108984948227116, 2324890816310046667458721, 1228558102928996374813046, 1049265293528946362831208, 2559347863801360651697730, 1528948992836524698611013, 3582526396803715957919439, 8973392161922430157647, 1186088733872340845810066, 2654895608936670158516796, 3634294237018467803559736, 444263494062549779361733; 0, 5, 4, 4, 0, 0, 1, 3, 1, 3, 4, 3, 1, 2; 0, 0, 1, 0, 0, 0, 0, 0, 0, 0, 0, 0, 0, 0; 0, 0, 0, 1, 0, 0, 0, 0, 0, 0, 0, 0, 0, 0; 0, 0, 0, 0, 1, 0, 0, 0, 0, 0, 0, 0, 0, 0; 0, 0, 0, 0, 0, 1, 0, 0, 0, 0, 0, 0, 0, 0; 0, 0, 0, 0, 0, 0, 1, 0, 0, 0, 0, 0, 0, 0; 0, 0, 0, 0, 0, 0, 0, 1, 0, 0, 0, 0, 0, 0; 0, 0, 0, 0, 0, 0, 0, 0, 1, 0, 0, 0, 0, 0; 0, 0, 0, 0, 0, 0, 0, 0, 0, 1, 0, 0, 0, 0; 0, 0, 0, 0, 0, 0, 0, 0, 0, 0, 1, 0, 0, 0; 0, 0, 0, 0, 0, 0, 0, 0, 0, 0, 0, 1, 0, 0; 0, 0, 0, 0, 0, 0, 0, 0, 0, 0, 0, 0, 1, 0; 0, 0, 0, 0, 0, 0, 0, 0, 0, 0, 0, 0, 0, 1], [273153373560128791314597, -64494199076758014163610, -4641339199531216747069, 27997333794894025064753, 15961333725133756611958, -13322638188165382318907, -1146858021422345169863, -2053295666886041225805, 2667057270565760598359, 8124933559322295093942, 13559457439435971319402, 4414572453357649981523, -1221921578810991263042, -1049485785667754947869; -64494199076758014163610, 3479725692558979434350, -149706830145455785786545, 16263038794446049176410, -20917124309484004650850, 71048232155508963666760, -16124245370756678073570, 18605379372545525017165, 3933071012052984671825, -14979058394444463407920, 4000430149600525979925, -7652555873651947285135, -37095452499446344218610, -6384507918460757393440; -4641339199531216747069, -149706830145455785786545, 77627279769346120885672, -16692305851326479693826, -9679033027203748367887, 51494263871445131394933, -1826257051981806959154, 26779905140720273193143, -4477378859605941123132, 9480300287430723489756, -2480960725349972713848, -5061921663553932736282, -5818823412044943539891, 7544491075389905864652; 27997333794894025064753, 16263038794446049176410, -16692305851326479693826, 10553141028531874946922, -27469366762959186673673, -29516826329571281200528, -2386738470797247186377, 33074569353970106031150, 12552951603942330293631, -16491206943571416189852, -47370732290611765679392, -25398168983424557609078, -21230234345030509685003, -17390801502347276350411; 15961333725133756611958, -20917124309484004650850, -9679033027203748367887, -27469366762959186673673, 8958382921405261413726, -9120577691088850605534, 18872761086792562151833, 28051829192170782390698, -55923253744953569993098, 11345121392202508600103, -10954954553865088224221, -6072096354591321988694, -2545075075777524058848, -15659923354729228543802; -13322638188165382318907, 71048232155508963666760, 51494263871445131394933, -29516826329571281200528, -9120577691088850605534, 60455426308000539355986, -3862629805073521067677, 35425539503199462222793, -9926606348870412396838, 174552293155570923078, -4376418545569841928696, 4190476852566017656976, 5195747217789233362622, -7479919839576034430977; -1146858021422345169863, -16124245370756678073570, -1826257051981806959154, -2386738470797247186377, 18872761086792562151833, -3862629805073521067677, -55923253744953569993098, -13825546491952990925115, -10954954553865088224221, 6319809482850231858202, -2545075075777524058848, 11345121392202508600103, -15659923354729228543802, -6072096354591321988694; -2053295666886041225805, 18605379372545525017165, 26779905140720273193143, 33074569353970106031150, 28051829192170782390698, 35425539503199462222793, -13825546491952990925115, 17863863290701402907156, -7389651083887318997523, 27588724733477574262245, 17078438398061324747067, -3524449531260844828397, 8015487291871711918200, -14701895628755079551187; 2667057270565760598359, 3933071012052984671825, -4477378859605941123132, 12552951603942330293631, -55923253744953569993098, -9926606348870412396838, -10954954553865088224221, -7389651083887318997523, -2545075075777524058848, -8552521454341804313706, -15659923354729228543802, 6319809482850231858202, -6072096354591321988694, 11345121392202508600103; 8124933559322295093942, -14979058394444463407920, 9480300287430723489756, -16491206943571416189852, 11345121392202508600103, 174552293155570923078, 6319809482850231858202, 27588724733477574262245, -8552521454341804313706, 21059522524004236528442, 10275279791165421460782, 10419110588980094201158, 14845726426569752291563, 9738245628695329065276; 13559457439435971319402, 4000430149600525979925, -2480960725349972713848, -47370732290611765679392, -10954954553865088224221, -4376418545569841928696, -2545075075777524058848, 17078438398061324747067, -15659923354729228543802, 10275279791165421460782, -6072096354591321988694, -8552521454341804313706, 11345121392202508600103, 6319809482850231858202; 4414572453357649981523, -7652555873651947285135, -5061921663553932736282, -25398168983424557609078, -6072096354591321988694, 4190476852566017656976, 11345121392202508600103, -3524449531260844828397, 6319809482850231858202, 10419110588980094201158, -8552521454341804313706, 9738245628695329065276, 10275279791165421460782, 14845726426569752291563; -1221921578810991263042, -37095452499446344218610, -5818823412044943539891, -21230234345030509685003, -2545075075777524058848, 5195747217789233362622, -15659923354729228543802, 8015487291871711918200, -6072096354591321988694, 14845726426569752291563, 11345121392202508600103, 10275279791165421460782, 6319809482850231858202, -8552521454341804313706; -1049485785667754947869, -6384507918460757393440, 7544491075389905864652, -17390801502347276350411, -15659923354729228543802, -7479919839576034430977, -6072096354591321988694, -14701895628755079551187, 11345121392202508600103, 9738245628695329065276, 6319809482850231858202, 14845726426569752291563, -8552521454341804313706, 10275279791165421460782], [3804014514370279485349445, [-1836294917504874982640130, -1411084269697716567812961, 3871586741597633238585494, -2037346981506532559893646, -5463619153408966833275585, -6628982651019308140390035, 2414647104853335866649696, -3279919289017962150167927, -2353922869901763396904789, 6482863390170913220598098, 5081668515475577615365504, -6423836704249539486940807, -21209352955491577894135029, 841060245942652568675887; -1567267038569483731852880, -3433705565176343151496075, -577553109236644102417050, -1100348477119006938640865, -3741493553472635289086930, -3459376450737185560243795, -5081168170487170705248445, 5068349420236825423472595, 3223042614978840322630790, 7144090593226039181571530, -6354923021407697441520380, 7132626815978354946235505, -8561277316989252925849445, -18314086517209909761847590; 780106953284149334133589, 1643500497509001277572630, 258143691820045498180091, 2632632931183422080347901, -1731289720699244799122389, -2495669153172379124678482, 2699769715611874629256860, 7985268831878811044523238, 6173034056289431001789029, 9239291789889857028204217, 10189865402844361246502656, -5424446850166298933098964, -13692398066343368503013679, -6727302426431569123488067; 1589984108719143904375790, -1027176551306149361202709, -2760855828234713030445429, -4955311370924454945635854, -1095017571681469031723960, 2809649074117033094615135, -3720335067534907940505496, 3696724817186876094815277, -6135018776180342021645066, 3919627791382873233678182, -2007475734660218638622604, -4485486439960238470074668, -8666144822778974048217446, 2677809978293849517846243; 1748424828752213228486689, 1049893621455809533725619, -1249997556006456740568620, 494429254441962432937070, -4960642276361992852552759, 1944571779065498652658688, -1116176057619196380305394, 3378857253330526721943296, -2666484461841736624108875, 322290316196212614060590, -6331165726493627445817065, -3380046511518946146493626, 976190513480870606226032, -748883942799275196527120; -1082904935968318269758001, -213527114184435299813546, 48569896813663757694800, -1257549857848889600031560, 180973127170972796938236, 777075693145652520248828, 288809751442020619481591, -3919082846519155613291774, -3563174641447416759431765, 3248713114895275997466700, -10841527500814506736227150, 2134874562435451527894089, -203498142298382965173748, -3585350906725439458407750; 1249997556006456740568620, 1748424828752213228486689, -1053850605693171316396621, 1049893621455809533725619, 494429254441962432937070, 2325006647637355405546675, -4960642276361992852552759, 1016864539255254526150658, -1116176057619196380305394, -2824582144505099045705077, -4795344159165806605483551, 1820258474894907133938228, -6527312676806912869989064, 4873485033320895366401917; -1272708625315144523127072, -2528705899793073689181614, -459859355717520872963212, -513601095888069115151832, 488913685992667826324592, -229519790958163428735794, -2309179067137165963882146, 3735787729596846573907228, -3019580870696397317636743, -9081434072563458238535779, -3247516034589353413170177, -768994490935033723709396, 4443519267489160089213571, 16477462868255308853582264; 1053850605693171316396621, 1249997556006456740568620, 21158485937727348581434, 1748424828752213228486689, 1049893621455809533725619, 1038023025192981874732092, 494429254441962432937070, -1553426102560914956555023, -4960642276361992852552759, 2518789682191310828699298, -1079189991181279590059431, 3495047395135538485437459, -5870353250796705270461606, -7260021190425858724565428; -1012430999482499801958740, -540090487263334370650171, 291193306830367099637464, 1521605805748111794139779, -5330905437537906916905, -210962175284553601950505, -21158485937727348581434, -589563783934666575904592, 1053850605693171316396621, 879641936538145499702113, 739722038638877640197849, -10396596670399243676324202, 4203331213538978435087981, -918756693987939667042478; -21158485937727348581434, 1053850605693171316396621, 5330905437537906916905, 1249997556006456740568620, 1748424828752213228486689, -1548095197123377049638118, 1049893621455809533725619, 3577971193322020052012824, 494429254441962432937070, 2996620122389781997519390, -3428374659738805244579170, -2612371810910477914491454, -1063362410681090148394902, -4920817251666498839981860; -540090487263334370650171, 1521605805748111794139779, 1012430999482499801958740, -5330905437537906916905, -21158485937727348581434, -1261328179915467072971447, 1053850605693171316396621, -502155482114920701587969, 1249997556006456740568620, -340666603501699304891885, 3482093520886845732766705, -647294774647504201354571, 645303084280813041758652, -9988180091853375432090715; -5330905437537906916905, -21158485937727348581434, -1521605805748111794139779, 1053850605693171316396621, 1249997556006456740568620, 2056365387573908257873045, 1748424828752213228486689, 1453855830703942854798177, 1049893621455809533725619, -2808518761223763338663453, -3088872844317595525992659, -1961183195714633632708433, -1901437948553155543522486, 3984292193845062200080628; 1521605805748111794139779, -5330905437537906916905, 540090487263334370650171, -21158485937727348581434, 1053850605693171316396621, 1993946317967277225448348, 1249997556006456740568620, -2273759179397966874930187, 1748424828752213228486689, -3036192287345532297686488, 1117643596499978473067221, -356494184001888746556414, -5150569137329041690782609, -1194404586061529862597812]], []], [0.369787690920567, 0.685634266620140, -0.641387543315202 + 0.322725779379795*I, 1.15205287976871 + 0.377109909225656*I, -1.24943702631360 + 0.556507313135256*I, -0.104217330337140 + 0.957193862967838*I, 0.711353965967601 + 1.13588512452617*I, -0.396075924540721 + 1.23059249498740*I], [1, y, y^13 - 5*y^6 + 6*y^5 + 2*y^4 + 4*y^3 + y^2 - 3*y - 2, y^2, y^3, y^13 + y^12 - 5*y^6 + y^5 + 8*y^4 + 6*y^3 + 5*y^2 - 2*y - 4, y^4, 2*y^13 + y^11 - 10*y^6 + 12*y^5 - y^4 + 14*y^3 + 4*y^2 - 2*y - 3, y^5, y^13 + y^12 + y^10 - 5*y^6 + y^5 + 8*y^4 + y^3 + 11*y^2 - 2, -y^12 + y^6 + 5*y^5 - 6*y^4 - 2*y^3 - 4*y^2 - y + 3, 2*y^13 + y^12 + y^11 + y^9 - 10*y^6 + 7*y^5 + 5*y^4 + 16*y^3 + 4*y^2 + 4*y - 4, -2*y^13 + y^7 + 10*y^6 - 12*y^5 - 4*y^4 - 8*y^3 - 2*y^2 + 6*y + 1, 2*y^13 + y^12 + y^11 + y^8 - 10*y^6 + 7*y^5 + 5*y^4 + 16*y^3 + 8*y^2 - 5*y - 2], [1, 0, 0, 0, 0, 0, -1, 3, -3, -1, -2, -1, 2, -3; 0, 1, 0, 0, 0, 0, 0, 0, 4, -5, -2, -4, -1, 3; 0, 0, 0, 0, 0, 0, -1, 2, 1, 1, 0, -2, -1, -4; 0, 0, 1, 0, 0, 0, 0, 0, 0, 4, -6, -2, -4, -1; 0, 0, 0, 1, 0, 0, 0, 0, 0, 0, 5, -6, -2, -4; 0, 0, 0, 0, 0, 0, 1, 0, -1, -1, -1, 0, 1, 5; 0, 0, 0, 0, 1, 0, 0, 0, 0, 0, 0, 5, -6, -2; 0, 0, 0, 0, 0, 0, 0, 0, -1, -1, 0, 1, 0, 0; 0, 0, 0, 0, 0, 1, 0, 0, 0, 0, 0, 0, 5, -6; 0, 0, 0, 0, 0, 0, 0, 0, 0, 0, 1, 0, 0, 0; 0, 0, 0, 0, 0, 0, 1, 0, 0, 0, 0, 0, 0, 5; 0, 0, 0, 0, 0, 0, 0, 0, 0, 1, 0, 0, 0, 0; 0, 0, 0, 0, 0, 0, 0, 1, 0, 0, 0, 0, 0, 0; 0, 0, 0, 0, 0, 0, 0, 0, 1, 0, 0, 0, 0, 0], [1, 0, 0, 0, 0, 0, 0, 0, 0, 0, 0, 0, 0, 0, 0, 0, -1, 0, 0, 1, 0, 0, -1, 0, 1, 0, -1, 1, 0, -1, 1, 0, 0, 1, 0, 0, 0, 0, 0, -2, -1, 1, 0, 0, 0, 0, 0, -1, -1, 2, 3, 1, -2, 0, -1, -1, 0, 0, 0, 0, -1, 0, 3, -1, -3, 2, -1, 1, -2, -2, 0, 1, 1, -1, 0, 1, 0, 2, 0, -3, -1, 4, 0, -1, 0, 0, 0, -1, 3, 0, -3, 0, -1, -1, -2, 1, -1, 2, 0, 0, 0, 2, -1, 2, 0, -3, 0, 9, -2, -5, -1, 0, 0, -1, 0, 3, -3, 0, -1, 0, -2, 0, -1, 3, 2, 1, 0, 0, 0, 1, 2, -3, -1, 9, 0, -4, 4, 7, -3, 7, 0, 1, 0, -2, -1, -1, -2, -2, -1, 4, 3, -12, -1, 6, 0, 0, -2, 0, 1, 4, 1, -5, 3, 7, -12, 3, 7, -3, 0, -1, -1, -1, -2, 0, -1, -1, 2, -3, -1, 7, 11, -12, 0, 1, 1, -1, -2, -1, 2, 0, 1, 7, 6, -3, -12, 5; 0, 1, 0, 0, 0, 0, 0, 0, 0, 0, 0, 0, 0, 0, 1, 0, 0, 0, 0, 1, 0, 0, 0, -1, 0, 0, 1, -1, 0, 0, 0, -1, 0, 0, 0, 0, 0, -1, 0, 0, 0, 0, 0, 0, -1, 0, 0, 1, 0, 1, 0, 0, 2, -1, -3, 1, 0, 0, 0, 0, 0, -1, 0, 2, 4, 2, -4, 0, -2, -3, 0, 1, 0, 1, -1, 0, 0, -1, 0, 2, 0, -1, 0, -1, 0, 0, 0, 0, 0, 0, 4, -1, -5, 2, -2, 2, -4, -2, 0, 0, 0, 1, 2, -1, -1, 3, 0, -2, 1, 2, 0, 2, 0, 0, 0, 0, 4, 0, -5, 0, -2, -1, -4, 2, -1, 3, 0, -1, -1, 0, 2, 2, 2, -2, -1, 0, -3, 1, 2, 1, 0, 0, 0, 2, -4, 0, -2, 1, -4, -3, -1, 4, 3, 3, 0, 0, 0, -1, 0, -1, 2, 2, 2, 1, 4, -1, -9, 4, 0, 1, 0, -3, -2, 0, -4, 0, -1, 2, 3, -9, 2, 3, 0, -1, 0, 1, -3, -1, -2, 2, 3, 1, 3, 4, 3, -8; 0, 0, 1, 0, 0, 0, 0, 0, 0, 0, 0, 0, 0, 0, 0, 0, 0, 0, 0, 1, 0, -1, -1, -1, 1, 0, 1, 1, 1, 0, -1, 0, 0, -1, 0, -1, 0, 0, 1, -1, 0, 0, 0, 0, 0, 0, 0, 0, -1, 1, 2, -1, 1, -1, 1, 1, 0, 0, 0, 0, -1, 0, 2, 0, 1, 1, 1, -1, 0, -2, 0, 1, -1, 0, 0, -3, 0, -1, 0, -1, 1, 2, 3, -3, 0, 0, 0, -1, 2, 0, 1, 0, 1, 0, 0, 0, -2, -1, 0, -1, -1, 1, 0, -1, 0, -3, 0, 4, 0, -6, 1, 1, 0, -1, 0, 2, 1, 0, 1, 0, 0, 0, -2, 3, -1, 0, 0, -1, 0, -1, 1, -1, 0, 4, 0, -7, 2, 3, -2, 4, 0, 1, 1, 1, 1, 1, 0, 0, -2, 2, -1, -4, -4, 7, 0, 0, -1, -1, -1, 2, 0, -6, 3, 3, -4, -4, 3, -6, 0, 1, 0, 1, 0, 3, -2, 1, -1, -2, -4, 3, 8, -4, 0, 1, 0, 1, -2, -3, -1, 1, 0, 4, 7, -6, -4, -2; 0, 0, 0, 1, 0, 0, 0, 0, 0, 0, 0, 0, 0, 0, 0, 1, 0, 0, 0, 0, 0, 0, 0, 0, 0, -1, 0, 0, 0, 0, 0, 0, -1, 0, 0, 0, 0, 1, 0, 0, 0, 0, 1, 0, 0, 0, 0, 1, 0, 0, 0, -1, 0, 0, 1, -2, 0, 0, -1, 0, 0, 1, 0, 1, 0, 0, 2, -1, -4, 1, 0, 0, 0, 1, 1, 0, -1, 1, 0, -1, 0, 1, 0, 1, 0, 0, 0, 0, 0, -1, 0, 2, 4, 2, -5, 0, -2, -3, 0, 0, 0, 0, 1, 1, 2, -2, -1, 0, -1, -1, 0, -1, 0, 0, 0, 0, 0, 0, 4, -1, -6, 2, -2, 2, -4, -2, 0, 0, 1, -1, 0, -1, 2, 0, 2, -1, 1, -2, -2, -2, 0, 0, 0, 0, 2, 0, -5, -1, -2, 1, -4, 1, -1, 2, 0, -1, 0, 0, -1, 1, 0, -1, 2, -2, 1, -1, 3, -6, 0, 0, 0, 1, -4, 0, -2, 0, -4, -2, -1, 3, 3, 2, 0, 0, 0, -2, 1, 1, -3, -1, -2, -2, 2, -6, 2, 3; 0, 0, 0, 0, 1, 0, 0, 0, 0, 0, 0, 0, 0, 0, 0, 0, 0, 1, 0, 0, 0, 0, 0, 0, 0, 1, 0, 0, 0, 0, 0, 0, 0, 0, -1, 0, 0, 0, 0, 0, 0, 0, 0, 1, 0, 0, 0, 0, 0, 0, 0, 0, 0, -1, 0, 1, 1, 0, 0, 0, 0, 1, 0, 0, 0, -1, 0, 0, 2, -2, 0, 0, 0, 0, 1, 0, 1, 0, -1, 0, 0, 0, 0, 0, 0, 0, -1, 0, 0, 1, 0, 1, 0, 0, 3, -1, -4, 1, 0, 0, 0, 0, 0, 0, 1, 0, 2, 0, -1, 0, 0, 0, 0, 0, 0, 0, 0, -1, 0, 2, 5, 2, -5, 0, -2, -3, 0, 0, 0, 0, -1, 0, 0, 0, 2, 0, 2, 0, -1, 0, 0, 0, 0, 0, 0, 0, 3, -1, -5, 2, -2, 2, -4, -2, 0, 1, 0, -1, 0, 0, -1, 0, 0, 0, 2, -2, 2, 0, 0, 0, 0, 0, 2, 0, -4, 0, -2, -1, -4, 2, -1, 3, 0, 0, 0, 1, -2, 0, 1, 0, -3, 0, -2, 0, 3, 2; 0, 0, 0, 0, 0, 1, 0, 0, 0, 0, 0, 0, 0, 0, 0, 0, 0, 0, 0, 0, 0, 1, 1, 0, 0, 0, -1, 0, 0, 0, -1, 0, 0, -1, 0, -1, 0, 0, 0, 0, 1, -1, 0, 0, 0, 0, 0, 0, 1, 0, 0, 1, -1, 0, -1, -1, 0, 0, 0, 0, 1, 0, 0, 0, -1, 0, -1, 1, -1, 0, 1, 0, -1, 0, 0, -1, 0, -1, 0, 0, 2, -2, 0, 0, 0, 0, 0, 1, 0, 0, -1, 0, -1, 0, -1, 1, 0, 1, 0, 1, -1, 0, 0, -1, 0, 0, 0, -2, 0, 3, 3, -2, 0, 1, 0, 0, -1, 0, -1, 0, -1, 0, 0, -1, 1, 1, 0, 0, 0, 1, 0, 0, 0, -2, 0, 4, -1, -3, 0, 1, 0, 0, 0, -1, -1, 2, -1, 0, 0, -1, -1, 1, 3, -3, 0, 0, 0, 0, 1, -2, 1, 3, -1, -3, 1, 5, -1, 1, 0, -1, 1, -1, -1, 0, 0, 3, 1, 0, 3, -1, -6, 2, 0, 0, -1, -1, 0, 0, 1, -2, 1, 1, -3, 1, 2, -3; 0, 0, 0, 0, 0, 0, 1, 0, 0, 0, 0, 0, 0, 0, 0, 0, 0, 0, 1, 0, 0, 0, 0, 0, 0, 0, 0, 0, 0, 0, 0, 0, 0, 0, 0, 0, -1, 0, 0, 0, 0, 0, 0, 0, 0, 1, 0, 0, 0, 0, 0, 0, 0, 1, 0, 0, 0, 1, 0, 0, 0, 0, 0, 0, 0, 0, 0, -1, 0, 1, 0, 0, 0, 0, 0, 0, 1, 0, 1, 0, -1, 0, 0, 0, 1, 0, 0, 0, 0, 1, 0, 0, 0, -1, 0, 0, 2, -2, 0, 0, 0, 0, 0, 0, 0, 0, 1, 0, 2, 0, -1, 0, 0, 0, -1, 0, 0, 1, 0, 1, 0, 0, 3, -1, -4, 1, 0, 0, 0, 0, 0, 0, -1, 0, 0, 0, 2, 0, 2, -1, 0, 0, 0, 0, 0, -1, 0, 2, 3, 2, -4, 0, -2, -3, 0, 0, 0, 1, -1, 0, 0, 0, -1, 0, 0, 0, 2, 2, 0, 0, 0, 0, 0, 0, 2, -1, -4, 2, -2, 2, -4, -2, 0, 0, 0, 0, 1, 0, -2, 0, 1, -1, -3, 2, -2, 3; 0, 0, 0, 0, 0, 0, 0, 1, 0, 0, 0, 0, 0, 0, 0, 0, 0, 0, 0, 0, 0, 0, 0, 1, 0, 0, -1, -1, 0, 0, 0, 0, 0, -1, 0, 0, 0, 0, 1, 0, 0, -1, 0, 0, 0, 0, 0, 0, 0, 0, 0, 0, -1, 1, -1, 0, 0, 0, 0, 0, 0, 0, 0, 0, -1, 0, -1, 0, 0, 1, 0, 0, -1, 0, 0, 0, 0, 0, 0, 0, -1, -1, 2, 0, 0, 0, 0, 0, 0, 0, -1, 0, -1, 0, 0, 0, 1, 0, 1, 0, 0, 0, 0, 0, 0, 0, 0, -1, 1, 0, -3, 3, 0, 0, 0, 0, -1, 0, -1, 0, 0, 0, 1, 0, 0, 0, 0, 1, 0, 0, 0, 0, 0, -1, 0, 0, 0, 5, 0, -4, 0, 0, 1, -1, -1, -1, 0, 1, 1, 0, 2, 0, -2, -1, 0, 0, 0, 1, 0, -1, 0, 0, 0, 5, 0, -3, 0, 0, 0, -1, 0, -1, 0, 2, 1, -3, 0, 0, -2, 0, 0, 1, 0, -1, -1, 0, 1, 0, 0, 3, 0, -4, -1, 0, 1, 9; 0, 0, 0, 0, 0, 0, 0, 0, 1, 0, 0, 0, 0, 0, 0, 0, 0, 0, 0, 0, 1, 0, 0, 0, 0, 0, 0, 0, 0, 0, 0, 0, 0, 0, 0, 0, 0, 0, -1, 0, 0, 0, 0, 0, 0, 0, 1, 0, 0, 0, 0, 0, 0, 0, 0, 0, 0, 0, 0, 1, 0, 0, 0, 0, 0, 0, 0, 1, 0, 0, 0, 0, 0, 0, 0, 0, 0, 0, 1, 0, 1, 0, -1, 0, 0, 1, 0, 0, 0, 0, 0, 0, 0, 0, 0, -1, 0, 1, 0, 0, 0, 0, 0, 0, 0, 0, 0, 0, 1, 0, 2, -1, 1, 0, 0, 0, 0, 1, 0, 0, 0, -1, 0, 0, 2, -2, 0, 0, 0, 0, 0, 0, 0, 0, -1, 0, 0, -1, 2, 2, 0, 0, -1, 0, 0, 1, 0, 1, 0, 0, 1, -1, -3, 1, 0, 0, 0, 0, 1, 0, -1, 0, 0, -1, -1, 2, 0, 2, 0, 0, 0, 0, 0, -1, 0, 2, 2, 2, -3, 0, -2, -3, 0, 0, 0, 0, 0, 0, 1, -1, -2, 2, 1, 2, -3, -3; 0, 0, 0, 0, 0, 0, 0, 0, 0, 1, 0, 0, 0, 0, 0, 0, 0, 0, 0, 0, 0, 0, 0, 0, 0, 1, 0, 0, 0, 0, 0, 0, 0, 0, 0, -1, 0, 0, 0, -1, 0, -1, 0, 0, 0, 0, 0, 0, 0, 0, 0, 0, 0, 0, 0, 1, 0, 0, 0, 0, 0, 0, 0, 0, 0, 0, 0, 0, 1, 0, 0, 0, 0, 0, 0, -1, 0, 1, 0, 0, 1, 0, 0, 0, 0, 0, 0, 0, 0, 0, 0, 0, 0, 0, 1, 0, 0, 0, 0, 0, -1, 0, 0, 1, 0, -1, 0, 1, -2, 1, 2, 1, 0, 0, 0, 0, 0, 0, 0, 0, 1, 0, 0, 0, 0, 0, 1, 0, 0, 0, 0, 0, 0, 1, 0, 1, 1, 2, -3, 4, 0, 0, 0, 0, 0, 1, 1, -2, 0, 1, -1, -1, 0, -1, 0, 1, -1, 0, 0, 0, 0, 1, 0, 2, -1, 6, 2, -1, 0, 0, 0, 0, 1, 0, 0, 2, 0, -3, 0, 2, 0, 2, 0, 0, -1, 1, 0, 0, 0, 1, 0, 4, -1, -1, 2, 2; 0, 0, 0, 0, 0, 0, 0, 0, 0, 0, 1, 0, 0, 0, 0, 0, 0, 0, 0, 0, 0, 0, 1, 0, 0, 0, 0, 0, 0, 0, 0, 0, 0, 0, 0, 0, 0, 0, 0, 0, -1, 0, 0, 0, 0, 0, 0, 0, 1, 0, 0, 0, 0, 0, 0, 0, 0, 0, 0, 0, 1, 0, 0, 0, 0, 0, 0, 0, 0, 0, 0, 0, 0, 0, 0, 0, 0, 0, 0, 0, 1, 0, 1, -1, 0, 0, 0, 1, 0, 0, 0, 0, 0, 0, 0, 1, 0, 0, 0, 0, 0, 0, 0, 0, 0, 0, 0, 0, 0, -1, 1, 2, 0, 1, 0, 0, 0, 0, 0, 0, 0, 0, 0, -1, 0, 1, 0, 0, 0, 0, 0, 0, 0, 0, 0, -1, -1, 2, 0, 2, 1, 0, 0, 0, 0, 1, 0, 0, 0, -1, 0, 0, 0, -1, 0, 0, 0, 0, 0, 0, 1, -1, -1, 2, 0, 1, -1, -1, 0, 0, -1, 0, 0, 1, 0, 1, 0, 0, 0, -1, -2, 1, 0, 0, 0, 0, 0, -1, 0, 2, 1, 2, -1, -1, 1, -2; 0, 0, 0, 0, 0, 0, 0, 0, 0, 0, 0, 1, 0, 0, 0, 0, 0, 0, 0, 0, 0, 0, 0, 0, 0, 0, 0, 1, 0, 0, 0, 0, 0, 0, 0, 0, 0, -1, 0, 0, 0, 0, 0, 0, 0, 0, 0, 0, 0, 0, 0, 0, 0, 0, 1, 0, 0, 0, 0, 0, 0, 0, 0, 0, 0, 0, 1, 0, 0, 0, 0, 0, 0, 0, 0, 0, 0, -1, 0, 1, 0, 0, 0, -1, 0, 0, 0, 0, 0, 0, 0, 0, 1, 0, 0, 0, 0, 0, 0, 0, 0, 0, 0, -1, 0, 2, 0, 0, 1, 1, 0, 1, 0, 0, 0, 0, 0, 0, 1, 0, 0, 0, 0, 0, 0, 0, 0, 0, -1, 0, 0, 1, 0, 0, 0, 1, -2, 1, 2, 2, 0, 0, 0, 0, 1, 0, 0, 1, 0, -2, 0, 1, 0, 1, 1, 0, 0, 0, 0, 0, 0, 1, 0, 1, 1, 2, -2, 3, 0, 0, 0, 1, 0, 0, 0, 0, 0, 2, 0, -2, 0, 0, 0, 1, 0, 0, 0, -1, 0, 1, 0, 2, 1, 3, 0, -3; 0, 0, 0, 0, 0, 0, 0, 0, 0, 0, 0, 0, 1, 0, 0, 0, 0, 0, 0, 0, 0, 0, 0, 0, 1, 0, 0, 0, 0, 0, 0, 0, 0, 0, 0, 0, 0, 0, 0, 0, 0, -1, 0, 0, 0, 0, 0, 0, 0, 0, 1, 0, 0, 0, 0, 0, 0, 0, 0, 0, 0, 0, 1, 0, 0, 0, 0, 0, 0, 0, 0, 0, 0, 0, 0, 0, 0, 0, 0, 0, 0, -1, 1, 1, 0, 0, 0, 0, 1, 0, 0, 0, 0, 0, 0, 0, 0, 0, 0, 0, 0, 0, 0, 0, 0, 0, 0, -1, 0, 2, 0, 1, 0, 0, 0, 1, 0, 0, 0, 0, 0, 0, 0, 1, 0, 0, 0, 0, 0, 0, 0, 0, 0, -1, 0, 2, 0, 1, -1, -1, 0, 1, 0, 0, 0, 0, 0, 0, 0, 0, 0, 0, 0, -1, 0, 0, 0, 0, 0, -1, 0, 2, 1, 1, 0, 1, 0, 0, 1, 0, 0, 0, 0, 1, 0, 0, 0, -1, 0, 0, -1, 0, 0, 0, -1, 0, 0, 1, 0, 1, 0, -1, -1, 0, 0, 4; 0, 0, 0, 0, 0, 0, 0, 0, 0, 0, 0, 0, 0, 1, 0, 0, 0, 0, 0, 0, 0, 0, 0, 0, 0, 0, 1, 0, 0, 0, 0, 0, 0, 0, 0, 0, 0, 0, 0, -1, 0, 0, 0, 0, 0, 0, 0, 0, 0, 0, 0, 0, 1, 0, 0, 0, 0, 0, 0, 0, 0, 0, 0, 0, 1, 0, 0, 0, 0, 0, 0, 0, 0, 0, 0, 0, 0, 0, 0, -1, 0, 1, 0, 1, 0, 0, 0, 0, 0, 0, 1, 0, 0, 0, 0, 0, 0, 0, 0, 0, 0, 0, 0, 0, 0, -1, 0, 2, 0, 0, 0, -1, 0, 0, 0, 0, 1, 0, 0, 0, 0, 0, 0, 0, 0, 0, 0, 0, 0, 0, 0, -1, 0, 2, 0, 1, 1, 1, 0, 0, 0, 0, 0, 1, 0, 0, 0, 0, 0, 1, 0, -1, 0, 0, 0, 0, -1, 0, 0, 1, 0, 0, 0, 1, -1, 1, 1, 2, 0, 1, 0, 0, 0, 0, 0, 0, 0, 0, 0, 1, 0, -2, 1, 0, 0, 0, 0, 1, 0, -1, 0, 0, 0, 2, -2, 1]]'
p1
tp2
Rp3
.